8625
9894
16241
1454
13907
13963
17315
16616
5626
18302
18690
10481
8471
4172
12083
16950
6963
1058
16600
3352
17970
14772
3219
611
18018
12603
11836
4491
12069
5389
18357
10353
10149
2595
15712
9235
2360
3276
5761
8107
17082
19315
11477
3932
7116
6614
8857
12107
2151
9292
14983
7141
4864
12820
17216
1236
15888
12341
716
1149
6218
782
1766
9159
4190
15706
621
13659
13238
4656
17942
14347
10097
5826
10339
10212
4670
18586
9907
634
4217
3283
9310
14625
13016
9916
11951
11094
5194
11504
10137
7618
8082
7195
19532
2553
8096
2837
12535
14557
17427
7315
8946
13746
3055
16937
4857
6966
16706
16345
1786
17107
7688
12532
7551
3526
18431
13411
2042
11612
11652
13646
16334
2990
18585
12838
12081
11049
2045
4631
11280
8808
9328
19046
12516
449
13491
8981
17249
1635
12332
10391
47
15816
11027
15137
604
4166
5498
7515
18381
18136
14647
16744
6097
4213
6561
16373
6934
11786
8851
8139
15849
9361
3401
15773
4303
11475
18669
9892
11834
5501
10035
18504
5275
5979
5138
7706
7433
14400
16328
8504
75
1822
9623
16611
12405
12706
5713
19446
13635
9593
13900
14075
10888
12779
17505
7432
16724
7675
1681
17556
5735
4528
7850
2878
11269
14787
3560
12527
3546
17071
16791
16340
1204
17600
920
6831
19032
4572
3917
13119
257
16828
4710
3849
2653
9427
6944
15206
7232
9029
17019
5208
19418
3703
10295
6637
14984
18764
15647
2142
10002
8723
6639
15040
16690
6159
17641
19293
17733
10891
17006
10390
17266
14280
10305
1760
8375
2162
15646
19747
17661
3437
11926
576
6381
11762
11745
2946
377
10592
19349
2257
3198
18282
8026
3133
2193
4869
16472
5094
7445
12878
13743
14511
5236
15487
2961
6505
10172
2701
12043
357
16635
15618
2036
1667
11311
29
11173
14444
11070
10471
14626
1979
2619
4725
15211
13154
57
19345
5914
6961
11037
18593
2401
17247
19338
1499
12130
15072
19163
5175
1367
17666
3885
12136
10217
9039
5348
5159
7601
11307
17273
14849
13931
16663
6006
3638
738
10534
10379
19152
3028
15505
5561
11171
2548
3782
13212
1292
6904
1066
6633
6947
11674
15333
396
14586
271
5572
6470
10397
7703
17540
9279
19641
9645
11208
17269
14425
11056
467
17410
8269
10059
17754
12860
13708
13759
11299
16871
15282
630
8052
14531
13233
4987
14051
8611
14726
1094
18092
155
16935
8037
6508
1606
3211
16479
7654
15950
10652
1908
11534
15707
4887
9485
8434
6781
7661
4685
4112
13524
11127
2427
9565
6393
14344
7286
8355
18468
18770
8346
392
8735
8350
3367
12589
1447
5416
15916
3916
2286
10696
2037
18584
14833
8512
2147
15507
6302
16714
16669
17760
12742
9054
7424
11085
4359
18811
2545
17995
6209
15290
19595
7607
5554
16597
2328
12657
12965
14631
6836
6094
14415
10920
8064
1026
3523
5897
1102
17877
6683
13103
7680
16625
16904
10787
3756
1350
1510
4735
1193
18291
10065
2552
12262
8849
13701
15652
14822
797
16199
3485
7289
2596
9110
2886
13363
8842
14465
7371
17774
3507
8884
9240
8031
9994
16177
7450
18098
4712
7933
17268
8811
17888
18464
4805
16266
1461
17179
9121
8108
11457
14910
16205
7909
13732
19204
18002
4734
15818
15234
13867
3223
555
1187
7162
7063
10695
9448
234
4960
8921
3998
17852
9330
16057
16837
4684
550
13753
5529
6220
3964
7650
6959
6897
13374
7981
10060
13767
9381
3382
14861
7840
18857
18270
19314
11265
18093
4463
10057
12257
1027
412
17957
17573
4881
12321
18879
16973
101
6982
11933
9625
15194
14841
18994
14296
17290
18206
7364
2738
15236
10519
15908
9150
14254
14638
16559
1384
3039
3759
12347
17345
15498
5731
14111
15074
19535
16672
4617
10386
64
19091
16048
15607
16913
12005
3061
3351
15837
2030
4194
4470
8644
5984
18410
6654
563
10196
13662
15604
3935
14840
1174
15112
12954
4801
3186
17650
5734
18204
14794
2371
9256
19
4550
11164
10847
8124
14337
473
894
9510
8283
14980
13152
9195
8567
19934
11768
6024
305
12666
11482
7532
14116
10709
14201
19242
11965
2988
14395
17080
15939
8151
13721
9859
188
2830
7986
7699
12199
15018
3978
15372
4866
1999
2082
12794
8147
741
16789
7
10760
18788
15709
4341
11889
13123
1962
16432
2058
8500
17750
1249
7638
15454
17840
239
19980
17043
15663
14126
18064
16485
6228
1658
13167
15365
14813
5916
14944
12732
1755
12469
7007
14266
14026
3139
13971
9654
424
18312
18739
6588
19738
14779
15247
6927
12558
10514
583
3175
13863
14163
11452
8368
18074
19659
4784
800
922
12032
18028
10952
18452
5324
11793
98
5855
19184
11310
1489
11155
537
15471
14454
14678
5969
15642
16782
18984
3621
9429
6694
11645
7943
5790
14592
4657
14076
10623
12102
12413
999
15249
214
5575
13092
4225
18798
8467
14935
8900
15348
3845
9667
1395
11501
7565
1712
4643
8383
6483
17783
17213
5469
18852
17491
2637
16272
2129
18444
2322
7361
662
3057
7879
19544
8104
9143
13449
1757
17130
6057
13822
7953
19262
18300
7423
11530
6630
10619
9765
6663
14805
13580
1321
7174
12303
11381
1142
9701
14343
8162
9664
7316
7104
17295
18350
7664
7428
1505
11828
3559
5422
2388
15904
16141
14705
5453
9770
434
9178
8285
12223
4439
8069
3933
1507
9363
19416
5584
17892
18574
1615
2489
19058
9227
12307
5397
9017
3128
13995
1435
12278
16841
1952
19234
17597
18786
9924
3630
6657
14703
3651
10433
8971
6365
16181
4935
14361
15931
1400
12389
4031
12956
11611
3155
17869
6408
5387
1272
11431
8551
1119
3664
19784
18395
14384
6711
6366
2249
9585
7948
8053
8497
7969
8968
19185
6472
18321
11303
2821
19256
14843
2501
9450
1707
12211
12319
12703
16128
15872
14538
10559
2628
17643
11113
14664
7951
4063
3038
1020
6818
6668
2764
8470
17832
3633
7738
14659
14386
11223
13785
16271
18931
2606
817
10663
1163
4640
2956
9790
5746
9982
15795
19660
12637
17222
8564
2340
2063
18296
13144
393
16572
9025
18159
5330
3892
8402
2130
8943
16759
1670
3466
13173
18379
2255
9462
15068
8663
4972
3905
19622
13176
15064
11356
2437
9977
17844
2602
5291
8156
18102
10943
7924
3103
8828
15808
12376
16291
2333
5589
1863
3121
14177
6681
1700
8461
15398
14330
9365
602
3108
5843
8163
2799
16897
7918
9672
531
14620
3292
14
6575
9846
7402
10532
11860
16012
19925
6675
17332
15221
4816
5042
1951
13394
11289
12727
4930
2812
10313
17069
7057
4893
19787
2382
16652
17830
13495
4133
7059
2029
3092
17173
5758
12028
2152
7890
14545
11681
726
9545
586
1354
14063
9969
2486
14043
3776
2523
11316
12381
10904
16505
14591
5402
9263
12088
746
2469
14834
12670
19070
8909
16451
7214
3253
12894
15887
3977
4488
7250
3310
17370
6450
16953
765
19301
807
5025
1409
3710
2254
14021
11741
10491
14224
7759
740
10811
13700
1256
1984
13498
11969
1219
1650
18349
15617
4859
11442
3455
6200
17288
4830
12139
13770
9551
299
3216
12309
11438
2161
2957
1981
16542
8347
7353
6735
11217
13543
9416
802
12876
19141
9424
10241
19597
13496
14911
11494
864
18095
8102
4825
2529
13685
13106
1347
14438
17910
14685
5439
3342
671
2300
5930
10423
8769
16533
13879
11203
9201
7609
7839
79
4111
11250
16894
18386
17665
17966
13831
8667
10637
13507
2509
14485
17476
11597
3043
692
8928
15883
15496
19565
779
11292
1598
2244
13014
18918
9463
4653
17601
13775
5847
11907
6893
4803
12988
17581
13351
5128
382
17081
16066
15981
14601
12244
5633
3682
5294
13417
3958
10825
7283
12327
18429
4132
1087
10914
19507
17647
6674
1329
7740
6236
1312
5917
908
18450
16504
18537
12512
1842
16713
17372
12656
19273
12840
11830
8541
7898
19671
14605
9342
17114
16107
14052
9964
18045
160
19209
375
18193
8298
8055
9002
14868
10104
8694
3683
4928
14205
9718
1666
14202
4078
14503
988
10648
2464
6018
11417
919
16427
9266
19524
13850
16258
11521
19794
5729
16081
2642
11257
17759
18742
15279
17860
16378
1425
13325
11014
14301
2648
3803
9252
16361
3157
19219
3275
12025
16518
12597
11446
11062
8220
12422
2777
14461
15761
18417
16942
11232
19084
7206
13626
7019
19665
17670
276
14377
9175
6227
12635
9816
1724
17125
6931
13472
19523
11727
9492
11857
13523
4228
2617
15546
8036
2989
3882
3049
12570
11577
5604
10744
16255
17256
19689
16650
18521
3384
18036
17252
10877
12112
6554
13889
18666
5232
5229
19688
16139
9820
18438
13652
5540
12250
7373
11252
19317
9477
11487
1178
13627
3132
6005
6243
16430
16046
7142
16233
1626
14627
19382
17506
17669
15783
13085
14041
17406
14110
1883
15077
17874
13414
15056
5350
13560
7929
12674
10549
16124
6734
5553
18129
7381
12752
16252
15670
4177
1939
17824
7992
735
6453
12334
19482
2456
13567
7321
4767
1942
11235
16326
4745
18746
10312
1113
12679
18225
12260
5838
3506
17668
573
17502
11625
1779
1539
13228
4525
17459
9978
13722
2883
8360
18648
673
12184
8287
6469
15113
19587
1264
5851
13803
4453
10220
15246
19499
9153
4760
6842
10555
9108
7043
11097
11105
14662
5639
4689
19971
5507
18755
9378
18732
1212
5581
15844
19402
14099
11249
7700
8272
17075
3753
6050
10523
4933
19830
12108
19963
16164
12623
14921
14287
18276
12097
736
17537
15440
19206
10711
8153
12046
3260
17156
4543
5445
4952
9255
6082
8123
6664
3520
6768
7503
1404
2494
1828
17878
4662
625
16666
7092
18333
15548
9707
13210
17360
11970
2541
6014
9044
8229
9685
9335
2941
4885
18081
1958
10939
2549
6163
5062
9949
7610
4315
8316
13042
19060
17862
4483
311
11158
12180
4507
19287
4246
1496
5147
14916
2732
8175
13784
328
12639
19949
12266
6616
2935
7827
3074
9038
14497
3107
9026
12418
2238
14412
6651
1913
13015
7833
16262
19632
19690
11944
5783
13138
19062
12396
15768
18197
8635
18044
3251
11483
5059
6721
13410
12900
12147
15179
19276
5983
7459
19536
16548
2387
16631
13376
5999
8030
2362
5679
16017
16315
17557
8859
6866
732
3242
10762
10784
17886
14613
18046
1727
11036
10629
720
16278
18908
2067
11876
14446
7755
15750
13720
17262
5533
13304
8977
11341
11086
18680
4010
10600
3735
16684
2369
14360
1931
14598
2442
121
15676
4082
10200
5648
1238
9597
341
149
17586
169
13561
15414
173
116
17366
5772
1355
7504
17707
11563
8421
9006
15043
14460
17364
16106
11771
3543
4450
6722
6815
16087
4489
16168
7588
4193
4467
17278
9075
2059
13904
1459
2962
18709
3761
7444
11074
17122
3764
1940
18556
635
16261
11067
13731
2835
18066
14660
11769
212
12075
7265
757
15860
13762
16577
16068
4469
2947
5877
7112
2466
10687
7388
12847
18958
14487
7826
11132
12541
6503
16958
17116
18402
15535
8129
4354
11209
13437
16400
880
665
15326
1342
5278
9658
3008
2682
9959
9855
12148
18570
18781
10431
19024
7749
7318
19896
1752
9818
16553
18526
17472
18545
723
13529
11807
877
8424
7058
7176
19385
14897
17110
12869
5035
5692
11005
2436
13105
6577
10630
10801
18505
6945
7739
1579
5266
5490
18482
4035
832
11799
4589
6138
3239
1082
8387
14037
14491
8230
9020
3647
2651
5489
14495
1282
8292
16410
1335
924
15168
892
16010
11253
15338
7659
13854
3524
3360
7023
5864
17385
9883
5773
8554
15703
9434
13869
12431
13035
1610
15633
11204
5482
2393
11118
5235
19493
6543
1543
17244
14567
16794
13665
8729
17790
14774
4140
15491
819
6571
6980
9260
2583
10063
19729
16551
3169
15615
11210
14044
394
11865
7867
17947
17390
795
3209
6126
7967
2051
6625
5353
19670
15875
2022
14853
18318
17009
14396
17428
16368
18859
14657
7679
12344
13788
9352
3380
16431
19496
17831
4373
11433
18747
4962
14184
17285
10098
15814
9446
5870
13630
18625
538
4264
3300
5546
15772
715
15781
5156
4181
10889
3727
4895
12277
16526
2594
19676
16204
8940
1288
11245
15162
536
6135
8265
16043
18724
3422
15942
5866
9146
11081
19651
8097
1188
14000
7026
8743
3297
9043
10919
18354
14056
5241
1002
15575
11075
4797
15226
4865
1474
4757
17576
5765
9966
7695
565
3569
1585
13758
9027
13339
18141
18409
7231
11335
7236
8683
4778
1602
4142
15699
19075
9282
7281
488
9262
14249
16425
5835
689
15963
14058
6035
3765
10994
15830
19758
9697
14311
15600
6719
5883
2205
7653
14646
16409
10404
17147
2969
5273
6187
18595
19426
395
8949
7790
11695
5026
15622
18151
12351
12580
15800
10547
3302
4220
8941
10186
5844
19672
13284
11587
6086
1808
14797
15393
15672
8306
16289
13490
10722
2024
16642
19264
1258
1957
2786
3308
2927
13283
2191
133
10274
17744
16738
8688
10872
3200
11675
13790
16952
6726
12330
19868
17434
1893
3258
11259
9185
1232
2196
2899
542
725
16696
10509
16771
9942
5198
1070
12677
13110
11455
7410
14208
1834
5065
13967
16868
8725
6304
11740
4845
6736
9683
11775
9170
10921
12456
7514
17131
19752
1038
16603
7862
15748
9258
18835
14324
7711
1263
2448
4690
7546
5956
16069
13944
18050
15164
16358
7975
15058
13895
17351
4596
4786
4652
19765
16587
14215
2140
18053
8257
18539
3833
13427
17448
17144
3536
19638
11181
12797
8860
18004
19543
14029
10344
7479
14855
9419
1731
13258
6518
8628
11006
3085
9072
9646
15632
6879
18702
18295
2632
2559
13303
5664
12256
4370
16338
1398
769
19845
12572
11573
10916
1050
380
14877
17023
8915
7649
876
12755
5812
14829
17928
6388
11986
1870
12654
10834
11405
17583
228
17145
15273
5631
10197
7942
15364
3596
13386
17935
7387
4143
6369
19238
13204
16967
2321
11136
13317
11697
4284
8148
16539
5398
13406
15421
3553
15173
7836
10050
12080
15066
19125
17303
19755
15191
17450
5316
2519
12911
6111
3312
13618
19330
7854
12993
11404
14211
1591
3451
770
5056
14847
15842
10226
11288
17124
959
14371
8923
18502
18954
14023
8157
9207
16356
4648
490
15014
11354
6710
17553
207
5794
11739
4860
12715
12230
13413
11776
18391
1302
11759
13965
17671
9620
12640
4677
12317
19381
6066
13245
14597
15926
13452
16003
2141
3573
11212
17421
15924
6926
11236
15938
18699
19600
6058
4085
16844
3512
2803
4209
10003
4807
8382
13550
14701
2009
5328
9751
6095
3015
2068
1869
444
19351
19336
8766
13825
18720
14484
6404
16869
5380
17183
1144
15831
12441
7272
9814
6667
9630
18689
771
13008
10935
7478
12029
13802
10030
1179
14291
19872
16793
2900
11042
3778
937
15296
9610
15126
11474
12673
711
8217
13378
13387
1588
12275
14319
17692
8023
17433
14995
16050
7113
8870
5374
16731
9530
5280
13636
15946
3402
8085
7079
16657
2936
18655
15516
259
3345
11331
8046
10082
18947
9088
19654
1646
13500
18546
12445
9030
18858
15431
5523
6207
6118
6319
19519
11423
8807
701
6488
11772
4426
12795
6416
17655
19692
12701
1442
6048
8615
14925
11935
5430
11111
16360
10062
9160
19363
3405
17496
18463
14476
3744
2465
7785
1518
19227
197
6203
17243
5066
16392
1778
4606
15047
19413
10105
551
8609
5560
9503
16547
12890
19655
10751
18356
9412
442
972
16848
6762
14260
6876
326
16670
575
9317
11711
3839
3606
9872
68
15463
12540
2314
16691
16665
14817
4688
1804
16137
7949
28
12287
2403
1921
13111
18661
6025
14507
13595
2292
1802
12437
11872
16839
12865
3907
313
1919
7625
15057
13090
9953
15089
7224
18292
69
8336
3866
4790
18766
15956
9471
19409
12312
2397
10335
15312
12282
1629
5259
3035
19592
14108
17728
171
8073
9157
6211
9384
10605
16153
8627
11384
11340
19299
8896
17078
7544
7201
3309
5047
17718
18941
7589
3786
18198
7034
9488
16707
2610
737
10439
9988
11130
3268
1561
17133
12772
10308
9692
4117
12942
7151
9868
7892
15639
16698
11678
15483
7952
18232
8442
19027
2325
1243
2697
4216
16478
10222
12525
774
11481
14147
4414
10450
4743
12786
5339
16748
13654
12156
16972
16873
5593
17322
4223
14435
9126
6317
11595
10142
8319
11447
7495
1529
2864
13323
19150
3551
12286
9180
11939
7606
8330
18256
9203
6219
4658
8008
12157
5805
6799
10897
18290
9909
3768
1364
2896
4583
10306
8561
6062
7055
1337
17350
11047
10716
6028
2349
17964
4974
8381
5417
9053
10812
13663
277
5880
3483
5818
6427
5771
14189
2718
18043
7015
14032
16023
17032
521
2858
10622
1483
6240
9721
791
18071
12822
3366
15539
10570
14606
359
3532
8883
12530
15000
9045
12449
10158
6507
9414
16966
6305
19630
6529
3545
19569
6422
16888
15376
7815
6986
3188
16617
1197
4612
3679
17859
17720
3656
1218
12745
12809
5828
418
13438
9405
6790
5060
1369
14837
18299
11511
330
17758
14518
13742
1332
3982
5270
5830
4022
16799
17413
19973
10323
421
8358
14156
5505
18363
17577
2241
12472
14850
8378
15385
1660
11135
11671
19252
6107
14760
88
16125
3089
17320
1676
17291
14994
18895
11943
14105
11606
4904
8308
3105
6845
2633
1117
16907
8784
3218
3883
8592
11023
13028
4626
6407
17959
17523
12288
16295
2582
6527
19481
6917
1954
2069
7119
12605
18697
8498
7855
14899
13537
16508
911
9863
6890
14345
1099
12185
3515
4282
13735
6468
13687
5714
10077
3922
12379
17391
17579
1710
2336
9060
4080
196
6653
1945
11901
16372
14878
8235
11109
6052
16911
4098
4948
4849
5370
12408
10219
17632
2007
7225
19862
6887
13396
12049
2103
3505
10337
6490
211
17169
4230
18639
17003
17554
1756
3052
13876
8724
13859
18113
9971
18775
3751
19804
13540
17343
5112
14553
17923
6990
1926
13087
4920
1111
572
5706
16314
13968
9241
17604
17457
15244
4963
18667
13772
9417
8377
6193
7211
18488
11192
15142
16201
102
4033
8839
6161
18338
9663
1476
9665
10934
8546
13132
5238
321
15034
18890
14862
14217
17174
12010
16493
4814
2966
19289
10945
13451
11544
7887
10769
10576
13634
5550
11424
11892
5311
13676
1225
3706
10289
2181
17279
15717
17941
14550
6157
17875
15742
6881
4639
19192
11215
1672
16780
3143
7508
17951
453
262
8779
6421
6557
11887
17821
5385
15554
4780
18154
7734
3822
801
6256
15412
3914
19007
3888
337
3552
16588
16515
16916
11685
16208
5657
3476
18812
6150
7698
5086
1504
3781
17723
5333
4498
12601
18455
3747
5881
5219
6523
11868
16276
6077
14294
8323
9996
14786
18412
14754
11567
5487
1611
724
12542
12913
14451
5961
18959
4715
17120
19851
4383
8931
1751
4019
9778
6717
6765
15363
16927
14067
2616
14079
6769
10896
14020
12636
9276
13397
1758
278
9703
2375
14083
9541
10560
18047
13877
11063
4278
19974
1888
18058
4771
297
860
3503
12310
11767
14636
7103
3997
19606
529
7041
8777
653
13160
1594
5710
9661
7808
930
13922
17000
11624
11755
10704
13817
11376
16056
17488
6291
5819
12712
10863
4184
6309
9332
10024
13639
2870
16834
18427
15560
17077
5982
226
8873
19197
10282
17109
12615
15796
10624
17853
13055
1890
4296
14245
6886
526
15972
14874
19040
9302
8033
16292
18348
15450
1619
18510
15467
6165
3417
10044
6382
19279
3398
16591
19435
7241
1015
5109
3567
8468
9800
8117
256
13932
16136
13526
18182
13048
13069
17986
182
9139
34
13596
13267
19466
1879
8606
8288
19281
17802
9919
19816
17843
114
6125
4739
3375
6909
8645
19454
2052
6000
19195
18288
11454
16351
9640
5744
16632
18955
16277
2760
2676
199
16522
11651
4913
18413
3688
13915
13651
10436
13050
15383
4358
9763
10942
15175
5372
18974
8399
5269
3070
1767
17411
15785
764
12757
990
19527
4506
17020
1851
9525
16990
16578
12154
14819
12354
7775
11666
6221
17376
320
16167
17119
15597
7743
7507
13371
18513
9960
8208
17997
3897
19580
11237
7730
6870
17098
13001
6935
16687
6065
4473
9838
14066
8547
742
12460
1390
3210
2597
15152
8984
4435
17253
9366
15980
2664
549
2598
5017
706
4556
15661
17535
17454
4073
2945
9720
12707
16265
8401
16449
4923
5169
12789
6766
7070
4838
4186
3054
15258
19515
14656
19612
13779
14535
18089
2126
7292
17907
18965
8446
16093
9321
12420
286
16910
12978
16585
11139
13341
16327
1630
4994
13053
6617
14216
13193
1716
14504
15482
12350
6612
15088
345
4420
18278
17155
12726
2398
4599
7337
3737
5514
5234
2639
17590
5327
17031
19350
13847
5993
10270
16861
8652
12111
13081
11229
5361
9642
1428
838
6110
5817
18272
636
6838
17321
10816
5451
4011
125
14059
10382
19753
2452
14057
9716
12577
16170
16928
1592
6351
3860
1401
18005
17969
18148
16945
17640
12556
376
14523
8656
4027
10792
5033
10368
16457
869
13811
14141
10513
14948
17194
11160
7750
9633
2396
11371
10483
6938
18560
18457
5522
5140
16111
1747
5702
8671
10702
6146
6811
19882
4804
2710
9063
3447
9673
15099
2660
2070
18485
2778
4269
11968
8740
2977
3847
4084
1146
18961
5588
4009
5441
11305
967
17544
5358
10927
19895
17481
17030
9393
11559
5225
1617
15067
19189
16486
12846
8392
3912
12963
10726
9932
8266
5231
11514
14081
3708
4990
6476
12510
4934
8290
15543
13337
5660
11981
9483
13497
11881
14727
242
11946
677
1734
17623
4742
6708
12655
10273
19922
16534
9368
17634
7558
14380
18885
14317
16880
9333
7801
2775
9930
9133
6072
14091
14119
15551
810
7847
14587
12096
2235
4144
11490
12382
4480
10911
17761
2263
12705
2721
10884
3433
15460
9173
14369
14922
17151
19694
18352
7869
9567
15341
7115
2573
15188
10096
6128
7203
17240
17435
10375
17042
5450
17471
10969
10279
17635
15731
16389
19861
10832
8600
17690
7888
14006
13340
4454
14117
9010
6017
2200
6817
11985
8198
3232
13919
12861
11955
14187
2797
10824
6233
12346
11842
3934
18277
3005
946
11579
12969
11320
1775
2495
13276
12569
17971
369
16820
12773
17572
296
10032
5204
19406
17533
10524
15177
3066
6301
8805
991
9584
11540
10794
13241
3770
5635
4746
8685
4905
16889
15437
12505
2904
10132
17084
9016
2391
9068
15628
18877
402
3201
16560
12493
14941
7230
17112
17561
4918
12343
3948
12926
7413
6465
10376
3050
4523
19633
13319
10822
16232
2739
7882
205
5176
15305
463
1527
7603
14494
3357
3947
371
15894
10998
10223
16492
4559
19035
13569
11973
14844
2277
3510
12587
2411
2100
19424
12982
8803
6868
14934
19566
18101
11364
7487
2345
19957
16977
17073
5854
4409
1266
2020
11073
11632
2407
15433
16408
18135
10961
9495
17056
11804
11600
11636
2207
285
59
6402
4655
16169
7957
9937
12193
10264
12318
15677
3928
5530
1823
7177
16822
16243
5966
16146
9652
13715
1699
15861
6145
15432
4736
1682
16906
7877
2083
11591
3163
13568
2290
6398
9430
4530
6823
3502
13593
5296
17673
17709
15599
13794
2751
12862
7127
5170
8684
16777
4515
18612
7268
16435
17061
5666
4853
1135
5528
2656
18139
17937
14667
10000
6037
15048
2831
1656
3344
18948
19470
4163
15311
17861
15097
12885
3800
7961
7160
7796
18188
8790
14142
4460
13807
15865
19559
17667
14085
13647
15197
14914
3857
13549
18542
6757
12875
3424
8821
11584
10417
11802
16215
2744
7510
14711
3832
19572
4445
7509
18314
14845
19208
3355
14926
18217
16550
9489
12128
5108
18031
5205
19137
19230
9881
10798
4072
11492
18684
5023
730
6515
12020
916
18543
8074
13170
10707
18304
592
10341
6587
14225
15967
5133
251
6294
17786
18423
1106
12055
4342
10880
17103
5310
18717
5775
7062
11808
3472
10023
18319
1856
381
7082
5332
14725
10127
9531
510
10307
7813
622
8455
2649
19248
10976
18418
6566
2180
14593
10396
5129
14300
1168
16011
893
3531
16062
9216
4271
7114
1560
4764
14363
3517
9884
7436
4214
14616
12206
18017
6101
11557
2145
142
18179
11582
1847
4149
2668
14095
9893
16912
4205
697
6648
19453
18713
13777
18083
16567
6621
14674
7612
17851
2144
792
16575
16100
16601
8098
11369
15081
13468
18793
4505
10199
11471
5742
3390
7631
16196
3669
9750
5808
16220
9537
15477
8702
13945
12037
16285
18020
9560
6013
16270
1176
17917
8696
13443
9756
17539
1271
11665
16743
4428
16860
11617
16038
6504
17503
5985
18167
16825
7311
18557
12526
5963
15189
14229
18762
12202
9286
15947
6973
9037
6528
12816
3767
17608
15229
3311
3583
11508
8590
10991
3874
17381
10383
15418
1458
18315
19709
6864
13270
7255
14247
12690
16528
3428
1740
10841
8172
3110
5342
17977
429
6384
19509
17293
15601
6123
3064
2706
14522
7454
4433
16445
18805
9997
8
4017
6910
8337
2546
18100
5406
9269
13974
6595
14143
15635
18550
18000
3785
2404
152
4385
8595
6344
13020
11262
14770
14506
14566
9856
6300
3396
19441
7457
4200
11703
6316
16483
5098
17834
6883
18297
9380
1427
12258
7566
18654
5245
18968
4590
4281
6522
15417
4566
16283
17890
13467
8390
10526
168
189
13991
7155
260
6327
11688
7727
19272
16985
1003
19492
18322
13765
14912
14424
11247
15369
2422
10599
9423
18581
11038
14993
11964
4380
13398
15591
7684
9726
19218
12922
15537
19867
18883
9929
12766
9754
6546
13544
1717
14158
2355
15563
13541
16770
743
14414
50
13616
9097
756
14555
1487
5258
15202
3619
3328
17014
6941
15230
15780
8137
19155
14514
283
12975
8890
15853
3725
2950
8395
18209
15006
3267
5825
10069
6124
17945
3817
12366
6280
15918
10734
1210
3469
6501
15545
14346
1721
11601
12235
15991
6548
3022
1563
6346
15069
11382
18433
12298
13797
1434
9055
7280
14490
9197
16989
4877
8756
19953
19987
15744
3096
9901
14655
11427
4586
1422
16954
7693
17895
17324
18067
4386
18688
13577
11823
9449
2013
11403
13107
4873
13036
17762
13313
19348
2650
8010
19732
10354
323
14803
12612
1905
7363
5381
13768
13969
8952
4245
505
4115
14464
2094
10029
11984
5578
17546
3442
8816
10260
7819
15473
15964
15484
1998
12953
9962
7973
2451
3282
606
3160
10342
1000
12710
19051
10533
18642
6376
19065
16184
15063
989
15812
4171
1
18784
19491
17373
11221
6774
14097
12852
16506
8170
16817
16838
7988
8591
7210
13486
14956
16943
10733
5276
4541
12371
12048
17680
11018
19370
12393
12051
2699
721
11659
1190
4045
1709
9069
2804
15960
3354
6600
17263
3106
14748
1662
15495
18187
19856
19927
15994
11729
2337
12208
5857
4060
4495
12668
5525
4940
18816
15022
13195
9637
10168
12219
4344
18380
2395
5227
17547
4785
16005
19817
890
7550
3657
2423
14315
2099
10936
14357
3828
18991
10843
11402
7548
3161
18393
4377
7134
16615
19746
19846
2979
12833
5871
16200
2449
10773
1817
154
19073
8701
10596
10946
12985
4680
10087
5732
12383
18247
5802
10421
16749
14437
16678
5909
12424
10543
8178
7302
19451
16379
17931
11380
14114
6806
13286
6606
17868
5685
17908
2455
11867
7049
5634
10584
14194
8161
2056
4544
11123
7561
4912
10937
7633
9761
12164
16929
18400
119
17876
1997
17611
2724
248
15301
19392
2334
5336
15154
18734
3100
9018
3272
13897
1080
2993
12133
17526
1985
2690
4504
1874
14564
10985
7437
3819
3319
5756
19790
5923
7199
12760
221
19200
8961
828
5357
4154
1819
11485
1368
14876
15199
6114
12871
2224
3490
14704
8081
2551
14812
12709
5598
8876
10350
18076
10786
6230
15167
18495
927
7772
14825
915
18569
19892
362
3913
18432
19795
18706
4592
15786
10083
15675
16210
14432
15307
10070
16524
19734
16968
2852
12357
12897
7845
8964
19547
15111
10594
13199
17610
4257
16926
237
15636
1222
16001
17638
2332
15694
11763
6439
14977
462
11052
10207
17642
19656
19119
4298
9362
6449
7344
11603
7768
11140
8380
14378
19876
6593
10192
19981
5185
9847
10783
4021
3323
12938
19891
18616
1334
10120
13810
15210
10414
11488
16213
14423
4718
11773
1308
3823
18130
8748
6607
16555
18254
1968
6898
16376
13056
1323
3728
19055
18311
9744
7207
8704
409
18938
5262
13805
13480
984
19461
11734
18238
553
11043
7979
17304
19611
11168
9296
8409
10205
4402
10556
4660
11213
8736
6636
5460
14734
6363
11723
805
19285
17524
12872
10183
3584
11599
668
17205
19142
1137
2172
3901
17683
15508
11143
18087
15378
5158
7356
19593
19852
504
6889
15278
388
9409
2872
9813
6780
12943
16464
7379
8538
8396
3177
16674
14352
15021
8119
680
2275
5384
5152
12125
7978
81
224
787
2807
13380
1833
6865
9592
18741
13307
5135
2685
2906
11458
11744
17734
2164
19929
3678
10304
9128
15952
9738
3925
13189
15643
5496
7271
14974
18377
696
15318
1416
3693
11478
7267
16102
12484
159
4812
14686
15999
2306
10340
11330
10298
14002
18663
1506
12201
16446
13572
10950
49
4702
7884
13598
5179
17162
3335
14071
11831
6704
6168
16595
11013
18249
14561
16734
8763
14747
8834
17254
10944
19653
5991
9136
17507
15970
9807
2350
12236
11347
19975
7645
2608
17563
15955
18841
4392
15251
5902
703
14354
852
7573
9951
14121
9594
18800
6903
7820
14827
18691
13290
12663
5196
11467
9402
1702
6262
10048
11409
4404
808
14742
3118
6995
16721
4588
16042
2131
9120
637
14429
12665
9695
3419
12496
13370
16298
6364
18904
17983
4355
8020
1835
12566
5683
10499
18471
9861
3951
19468
17418
14650
16159
19260
19448
5001
16884
8061
12634
4759
10926
7977
16051
13994
759
5637
17348
1623
15104
19419
15586
5506
16260
10553
19457
12336
1512
10413
15937
18021
12843
338
9487
2547
13632
14986
14125
4108
17270
15739
15255
1275
6091
10203
1062
2166
10369
2476
816
2672
8004
645
7974
16490
10577
4999
4139
18915
15605
979
7013
4202
46
8543
11855
16653
3722
7451
12711
2954
19473
2326
13530
17308
14769
1548
5049
12520
10204
16149
13890
12733
18194
9138
5243
17007
13474
4906
15213
3065
15570
17379
15804
1911
2952
1097
15517
17534
10656
19089
3687
2844
15626
19719
5621
8934
1589
11719
19269
5580
8406
6642
17474
4703
12702
17170
12173
12242
17594
1478
15308
177
18922
5867
14852
15196
14416
15124
14676
3086
6720
2857
8823
5502
17644
9906
9553
15445
10561
19731
3007
18056
9600
9498
14176
7490
18301
11244
3821
11656
14379
16332
8974
17548
2225
5965
10968
15472
6655
13003
11805
11082
10917
16301
8450
12971
8994
2518
6131
12653
2462
527
17136
10808
16336
1578
19877
12738
7647
2127
96
4438
6622
3692
7369
10666
2110
16322
5285
12033
8363
9204
7182
14573
