15226
17039
7028
2751
5559
12050
15907
5168
10531
2065
4740
11531
7920
7978
18117
19961
16589
3085
16603
7982
12849
16534
14902
10939
15799
2073
328
11444
2800
16610
11253
12454
18460
16367
13048
5046
4920
2227
16980
5628
350
1014
4132
14520
13880
17264
8378
4715
13328
624
8305
10354
770
15525
1880
6735
11397
9211
1097
16424
18349
13714
13868
12628
16301
13421
18943
1147
7423
6865
14998
12816
4936
7444
11011
11828
16093
3386
19863
2943
18360
8823
7059
267
10470
17994
12133
7659
14886
18640
12537
7440
15406
2230
5070
16810
8126
620
18849
17553
19033
10978
9480
19228
13553
18234
1911
17759
18255
7276
4033
11855
7533
269
4011
19583
649
8546
1198
6030
4210
9996
11568
9582
302
16446
19047
15967
8639
15403
15428
17974
214
10788
40
16050
15662
1725
2219
10161
9785
2429
15109
11710
6494
19330
135
7232
5595
3985
8158
10207
18677
2423
7084
6582
18510
13524
19307
11383
6782
19639
16740
19220
3259
3160
235
19510
13758
5801
7102
4355
16433
16121
12325
15412
18166
5146
11529
12922
17922
6344
13412
9919
6222
3626
2086
13393
18643
902
15068
1170
2750
5322
7273
2186
11250
4592
19582
14357
17505
14594
9185
13781
7349
18290
378
19098
6294
18425
9147
8868
15796
4142
11767
9697
10329
4604
5774
13276
9133
8116
16374
15360
8194
19716
7165
5285
11624
16620
10098
877
14722
1642
3792
3069
17904
10616
5240
9235
11067
18883
3148
19871
3070
5929
834
5384
18507
5231
2130
4813
3480
11487
15018
19223
9929
19440
5818
6109
15115
7997
8356
5718
4948
3610
18034
1303
17323
9774
16287
17181
18311
2513
8619
18525
9367
9984
19024
11018
14682
337
1016
15341
19606
13168
15771
19301
1927
5904
15431
7822
16807
15598
2029
17147
18304
14601
7818
17839
407
5226
16034
11661
15046
2836
5438
8676
4418
6520
6188
3121
17886
6299
14062
17548
19765
7087
12145
12563
10231
14322
15469
13280
6340
11403
1689
991
7225
6879
1602
752
8087
2888
12792
6446
4744
147
16628
12279
11248
2900
16627
11492
14876
19126
10972
1883
7512
4565
1657
6938
13408
4773
15959
3316
14853
444
17180
10240
4764
12766
5954
12265
19469
1028
16340
16729
12437
17685
17739
13203
9169
19931
2835
13454
12403
8209
1541
5836
6534
6082
19063
2067
6747
10260
12663
7272
8059
18179
5685
3206
10724
4079
11446
17868
19745
2449
10832
3287
5052
14163
10343
3523
4553
4833
1356
14648
6614
4745
6439
13380
1144
7347
6341
12933
9566
680
6286
11118
13682
6185
1914
17834
10535
19515
15206
9934
4630
15345
12697
11757
19847
6192
13630
16669
4390
5907
7667
14810
5842
9814
18401
15789
6701
14185
11227
15980
14067
17437
286
14144
801
2053
10379
5614
7943
14984
12164
18597
681
11092
17408
8950
17028
11229
16954
12864
11052
9238
3286
11759
10816
7191
16687
16720
18416
959
9293
17276
14326
2647
4908
13609
14665
5306
12923
15106
2681
15049
3223
12891
4066
18312
10865
17020
17675
14433
423
787
9321
11332
18173
8428
3048
17991
11960
7260
8533
6904
10577
12291
3513
6456
15151
12995
12178
16053
18637
19417
14313
12833
10189
16258
9346
16594
15806
5277
16726
10676
7129
2606
8078
14201
9714
3830
16493
15240
14166
16811
3315
12826
7387
14630
14034
4662
18267
3561
1120
13722
15369
13415
2103
2957
15734
14897
11064
437
18046
15138
9162
19947
11890
6168
14604
7605
12474
17989
3634
7468
10437
1174
11360
13679
12795
15695
4469
6679
5626
10296
5815
13935
18300
14824
3443
12011
5832
10689
19613
10750
18528
15022
476
3795
3213
14812
17715
8573
2493
18396
5831
14635
4681
15326
8789
7666
12303
3617
5363
7866
15793
12832
19248
3248
9347
243
6138
18150
548
1811
9016
17189
3981
19385
440
18850
13043
12124
18627
5407
4845
19911
19454
17605
2701
4164
14929
2860
2490
16330
15399
10442
8146
19391
9910
6210
13480
8882
2781
6859
6033
13666
6945
19738
1501
2396
13136
13800
2855
18309
14647
3145
13004
11265
11466
14005
13763
13805
2618
339
70
7596
5523
19185
9441
11791
14467
19471
14616
18602
4660
6562
2164
8516
15483
19275
7079
19160
11453
16275
2016
18822
7292
18314
5620
1997
17369
9348
2472
13756
3753
16102
2718
7593
11192
5376
8098
4156
16134
6285
14516
3931
18515
16373
3266
15266
8460
6136
10308
12388
5359
19470
8628
12202
10493
6726
5761
1347
6563
3152
17203
12351
17413
11872
7167
17865
3361
1966
3970
715
10315
4942
19598
13600
17924
15298
4511
9453
8502
9257
14425
19468
16792
5295
16395
18839
3998
16583
19459
16205
19429
17710
4580
16090
6594
8025
15290
19495
10476
13757
12371
14017
3363
19823
8919
17472
4551
13216
5280
19213
855
17632
7950
3984
17728
2929
14216
11271
14406
6067
3920
6183
11479
14293
11738
12827
4837
13651
16875
5966
867
7740
14280
1089
8000
9592
15646
12721
6574
703
12286
7826
16901
18971
6099
298
7479
11461
743
1315
14324
5159
12928
10799
6309
16977
6863
8392
14031
4126
11911
17365
2205
453
8416
6337
17499
12035
11326
606
12249
9285
739
10049
19591
7830
13046
11538
7804
2591
17344
12356
6096
16997
1389
19030
1062
4197
19092
10955
5077
8456
1854
5663
17073
4180
11750
8839
5009
17375
14511
9464
7253
13739
2550
168
11673
13770
2196
4932
3172
16758
11762
5673
5000
828
7904
18113
2190
16381
11966
6780
7873
17449
9051
19261
19113
942
12465
12363
1666
9629
13519
17934
16016
2735
5357
12129
13642
6828
4032
9075
18868
4363
11596
6907
12374
11342
18408
10350
16586
14316
13796
11279
11371
7152
6577
1399
10634
10344
15990
11604
10477
1512
13876
6338
5268
7499
13820
4365
7738
5480
7120
10782
19172
8698
16704
19965
7094
18070
16929
926
14517
11048
18974
8296
10752
7767
15249
4482
17690
18120
3940
4263
13693
10221
13078
4610
11742
12355
18347
1735
12649
2610
8168
15791
8634
16955
15101
17931
4080
2071
12902
9726
3702
6358
4247
510
7599
4758
6868
18568
7288
3647
3221
17286
8873
5276
12017
9644
