8625
9894
16241
1454
13907
13963
17315
16616
5626
18302
18690
10481
8471
4172
12083
16950
6963
1058
16600
3352
17970
14772
3219
611
18018
12603
11836
4491
12069
5389
18357
10353
10149
2595
15712
9235
2360
3276
5761
8107
17082
19315
11477
3932
7116
6614
8857
12107
2151
9292
14983
7141
4864
12820
17216
1236
15888
12341
716
1149
6218
782
1766
9159
4190
15706
621
13659
13238
4656
17942
14347
10097
5826
10339
10212
4670
18586
9907
634
4217
3283
9310
14625
13016
9916
11951
11094
5194
11504
10137
7618
8082
7195
19532
2553
8096
2837
12535
14557
17427
7315
8946
13746
3055
16937
4857
6966
16706
16345
1786
17107
7688
12532
7551
3526
18431
13411
2042
11612
11652
13646
16334
2990
18585
12838
12081
11049
2045
4631
11280
8808
9328
19046
12516
449
13491
8981
17249
1635
12332
10391
47
15816
11027
15137
604
4166
5498
7515
18381
18136
14647
16744
6097
4213
6561
16373
6934
11786
8851
8139
15849
9361
3401
15773
4303
11475
18669
9892
11834
5501
10035
18504
5275
5979
5138
7706
7433
14400
16328
8504
75
1822
9623
16611
12405
12706
5713
19446
13635
9593
13900
14075
10888
12779
17505
7432
16724
7675
