1758
3649
13867
19347
2374
9961
15862
9119
5234
4110
18464
13870
15858
11954
2565
10503
18784
2739
5570
8585
19056
11520
8341
3267
9294
16641
13029
17150
2456
5883
1961
3286
14925
7034
1790
8907
16210
15086
9859
634
3272
6151
8594
2946
17788
8336
10183
559
15391
3466
15
6922
10366
7793
11088
12487
16858
1860
7028
18247
16025
5071
5309
2055
14101
11886
13400
5191
2961
10858
17972
7430
5152
1770
2508
17533
18772
14208
4352
7433
2136
3255
18082
6063
12664
2265
8307
15315
12299
764
10050
617
1426
14807
10497
2617
14786
3976
2657
11915
13036
11482
17379
15364
5688
9754
12729
786
2600
15620
13341
1339
9381
17322
7596
3426
13577
16729
4188
4726
7635
3485
18290
6792
17852
806
12846
850
5292
1483
3907
2373
14764
12363
11048
14978
8170
779
11385
14427
1323
2089
14214
12605
1284
1738
19323
16446
5117
12049
3639
6529
18205
5086
12784
14501
10058
315
3387
12963
12046
2276
3114
2087
17420
8791
7743
7093
11813
14263
9916
845
13561
1203
9925
10785
9069
14213
15703
12105
910
19057
8533
5081
2663
14413
13803
1418
15206
18862
15466
5728
3520
706
2423
6246
10977
9236
17413
14618
11799
9691
8014
8256
83
4330
11849
17794
19365
18606
18923
14568
9129
11203
14227
2643
15256
18407
12214
3205
729
9404
19870
16322
19452
820
11894
1683
2364
13707
10863
9968
4901
18540
14509
6159
12542
7260
5059
13680
18519
14063
5401
402
17992
16923
16833
15380
12898
5933
3878
5576
14133
4169
11403
7672
12986
19412
19909
1145
11497
3957
18589
7031
1400
8153
6569
1382
6233
956
19436
17386
19527
13181
1940
17606
18300
13333
17504
13527
12462
8998
8320
2529
15386
9842
18029
16968
14803
19893
19010
168
9933
395
19167
8742
8486
9483
15664
10645
9159
3881
5192
14965
10238
1755
14962
4297
15279
1041
11218
2596
6340
12029
968
17307
9762
15414
14592
17129
12138
14829
6036
16942
2784
11860
18710
16927
16098
18817
17256
1501
14039
11604
15067
2790
4006
9748
17239
3326
11754
3451
12670
17404
13273
12060
11655
8661
13088
2926
15237
16606
19405
17851
11834
6706
7593
14358
7396
8539
18618
291
15149
9668
6562
13314
10343
1817
18045
7304
14195
7203
12357
10002
12493
14249
4456
2757
16382
8468
3150
4091
3213
13246
12200
5905
11322
19668
18184
11919
17545
19517
3566
19006
18179
11462
12763
6906
14636
14833
5513
5511
30
17007
10348
19430
14387
5838
12909
7770
11858
14876
9987
19808
1241
14361
3301
6329
6579
17315
16910
7527
17107
1714
15415
3962
18449
18621
16633
13790
14797
18344
14871
1985
15890
18837
14137
15867
5639
14291
8357
13357
11118
16994
7097
5852
19106
7779
13439
19600
16516
4402
2044
18786
8423
774
6801
13000
3696
2589
14299
7716
5024
2046
11841
17207
5001
14072
10869
1173
13364
19209
12922
6153
3695
18623
604
18448
12254
1875
1622
13943
4770
18402
10517
14463
3039
8812
3328
709
12843
8735
6819
15930
17370
1333
6168
14550
4694
10773
16071
12925
9649
5018
7212
11126
9601
7424
11698
11706
15456
5944
4943
7340
5806
4905
9886
7677
1277
19958
16702
7360
14862
19577
8117
8720
18000
3956
6378
11093
5201
17261
12765
18994
17040
13307
15730
15062
19267
12752
776
18488
16277
8374
11292
8595
12699
3437
18086
4789
5740
5220
9757
6412
8564
7025
3711
7135
7910
1480
2630
1927
18849
4915
659
17570
7477
19329
16392
10234
13928
18303
12620
2679
6341
9535
8676
10211
19702
3101
5151
19063
2065
11534
2687
6498
5337
10489
8023
4549
8768
13751
2372
18833
4727
328
11765
19497
4752
16563
4477
1577
5427
15727
2881
8620
14533
346
13326
6074
12934
6976
3095
8253
3241
9530
15287
3276
9517
13094
2359
15197
7013
2017
13723
8260
17148
7326
19987
12594
6098
13853
7077
13071
16627
19188
9105
19027
3429
12109
5335
7087
14140
13604
12809
16007
16296
6309
7865
9080
17450
2517
17538
14106
6326
19608
2491
5989
16891
17205
18514
9342
7241
772
3419
11349
11373
18863
15410
19031
1821
11638
11209
759
17167
7444
2180
12524
15235
8178
16610
14469
19835
5835
14031
9467
11961
11692
4301
4229
11179
3939
17596
2498
15145
2037
15396
2575
127
16533
4305
10758
5957
1306
10122
360
157
18548
178
14303
16258
183
123
18317
6088
1429
7915
18677
12196
8882
9499
19550
15252
18314
16987
12415
3738
19489
7090
7189
19700
4735
17054
8004
4423
4712
18224
9572
2172
14666
1539
3124
17527
3967
7852
11681
18060
3971
2047
18360
669
17152
11674
14484
2991
19806
15464
19262
224
12737
7664
799
16731
14517
17486
16949
4714
3109
6199
7502
2602
11274
7794
13552
5895
15283
8255
11744
13230
6860
17889
18056
6501
16388
8576
4593
11824
14175
17301
929
702
16168
1416
5568
10189
3173
2830
10507
10397
12816
6335
11869
11005
18813
8175
7721
8037
1849
10358
17464
7724
18433
11129
763
14273
12457
926
8887
7446
7570
17471
15717
18052
13578
5313
6005
11611
2570
13827
6939
11215
11395
4775
7327
8165
1666
5556
5793
11137
4257
878
12449
4842
6476
3417
1141
8850
14811
15290
8683
9518
3848
2797
5791
15294
1352
8750
19568
1408
974
16004
941
16894
11874
16184
8082
19788
3718
3545
7410
6188
18345
10428
6091
9026
16570
9955
14635
13117
13755
1699
16497
11823
5785
2525
11732
5524
17094
6904
1628
18197
15372
17722
14420
9211
18773
15591
4369
16347
864
6934
7366
9772
2726
10620
8838
17466
3344
16479
11830
14821
416
12521
8302
18940
18353
839
3386
6465
8407
2165
6992
5649
18202
16753
2134
15675
19045
17951
15193
18393
17274
5304
15468
8105
13027
14552
9870
3567
17342
16520
18819
4615
12067
18556
5237
14970
18243
10657
16691
9969
6196
14386
15174
568
4501
3483
5854
16647
754
16657
5442
4412
11493
3934
5167
12959
17443
2738
3362
17103
9436
1360
19186
16003
566
19144
8724
16934
7045
3612
16827
6191
9654
11696
14705
8547
1254
14778
7417
9229
3480
9546
11526
13085
14837
5533
1058
16441
11690
